
749979257
1466480042
249100294
508596453
930630143
474318942
1779110843
705440332
987946485
1705238124
1054478012
1808744971
810875102
379556885
1236407277
254946910
1705937208
1969684416
2024218517
1094863895
1531121929
765845231
2035161212
1957429858
1804723081
5213827782
1268336546
1752792466
662635318
720458265
899994137
286237747
1728901097
1149057428
384303965
5210131953
385410816
1111856384
1331194523
501672981
938924408
506089286
1375131891
798275345
1682398616
1203450890
760865235
1910705181
1235642214
1078559104
442734092
850703853
1243070569
863783429
1957036578
388767549
267261103
1775206438
191183693
1327749230
1683503259
330794039
685454112
1184417300
310885866
1134600331
2045421843
5277229261
1113217560
246241864
305230610
1223813543
5053923089
884303154
379009358
5587581879
5231247239
1639075482
1299945094
1284440122
1031173349
91535826
5163256346
319616566
114427004
932730367
1215666259
1706454337
893977782
884331310
927829676
562036332
494137925
1187200330
631049818
595158006
1078981418
401127984
927470534
1193305360
5329945398
1085733162
333432335
1048278859
451164854
581103730
1174096551
1107519769
5119825292
1723130231
637335607
1345116099
302175892
1306861557
763671636
1616352552
1295280992
722423880
5387603658
212681297
931803599
327465615
1203871649
5165003142
369465533
1456793809
5096490859
958574324
301326208
132255547
839495715
440270968
825757149
307278054
766490841
979033667
765127175
302612678
1996999508
1349132631
1685404282
1473645194
1441284558
5146150899
576430793
918321074
702643683
1737817116
805885092
1018141354
879582802
1045377376
808682060
394005062
1143703242
451392368
1098353716
422346386
597399928
1888532271
102412967
396385822
883978055
254197211
1937825793
372257606
677977835
728374335
243642205
515838555
625469753
419335687
572250228
946861286
1878093847
1003199674
966216523
1817891541
1218574867
987863953
334338978
1234566292
441229583
435830937
624776626
1051058066
899977662
340118496
293734957
505938404
1004907058
549471984
1013129984
590934376
174707269
1156423123
1757087378
792781894
1065483033
853802858
5362302629
1970962050
864671671
918092958
373799077
70119649
175967071
214204733
142737237
1176783958
397529499
2112518272
140097142
134490644
465578905
1960735063
364188946
676106838
5203339138
545993301
1888453646
734889326
5028385505
1572787737
421612368
1417109856
2082445236
398890656
941265924
1050724266
320788603
1863485169
378989928
1211938374
713426713
1211315558
594837153
69807861
1562002457
1115785504
279891
5358008892
574577532
909668606
745484877
381109269
1091579219
381530024
620261393
317217540
446807565
805941136
431307470
384888881
401337902
2025891340
83565222
1063283412
1316354907
5282608190
191588143
1436907013
729367281
495172549
792806235
5837686150
463638622
1076109225
643552161
521075037
639795845
1480017546
973252077
553719142
723373706
1703793798
1265624855
1708878060
319583720
1060844424
5172460182
5232235862
137729029
332756516
494649819
1220195862
773884210
1743267397
597876205
331695818
1801633917
998222118
691241035
1606505943
823780099
1882932304
